7
7
1
1
0
35
337
1
2
0
7
372
1
3
0
29
321
1
4
0
26
777
1
5
0
25
700
1
6
0
39
259
1
7
0
2
900
2
1
0
24
266
2
2
0
6
821
2
3
0
16
517
2
4
1
28
230
2
5
0
20
83
2
6
0
21
113
2
7
0
38
671
3
1
0
10
228
3
2
0
31
222
3
3
0
13
269
3
4
1
6
967
3
5
0
5
157
3
6
0
35
440
3
7
0
39
143
4
1
0
12
236
4
2
0
10
98
4
3
0
36
827
4
4
0
26
798
4
5
1
34
770
4
6
1
7
817
4
7
0
14
640
5
1
0
9
937
5
2
0
20
617
5
3
0
38
869
5
4
0
16
747
5
5
0
9
123
5
6
0
24
398
5
7
0
35
779
6
1
0
36
495
6
2
0
17
901
6
3
0
9
285
6
4
1
19
705
6
5
0
34
690
6
6
0
10
21
6
7
0
33
198
7
1
0
25
232
7
2
0
8
555
7
3
0
35
643
7
4
1
0
474
7
5
0
39
295
7
6
0
18
57
7
7
0
26
673
